6515
6692
3940
2943
6410
718
728
745
751
755
765
770
774
778
780
788
797
2547
2549
2578
2952
3368
3474
3839
3880
4332
4696
7107
7110
7115
7130
7139
7144
7148
7820
3600
7288
7289
3342
3267
3104
37
3503
3514
2466
2501
65
616
628
634
639
652
692
6107
6213
6218
6227
6314
6412
6436
6495
3110
3114
3127
3254
3148
3674
3464
2100
3818
3276
352
3537
3607
3692
2267
3317
3324
2345
7491
7543
3992
2330
2444
2463
3212
3865
3402
2424
3841
3321
3546
3906
2921
3172
3203
3334
2445
3887
268
2939
2417
2489
2448
3467
3961
6453
6706
6879
4657
2307
2312
2374
2378
2518
2550
2598
3154
3722
2478
3394
3786
3790
2535
3672
3765
366
3105
3548
3445
3400
2563
320
2114
4974
7196
7426
7510
7548
7803
7810
3896
3732
3642
3748
3888
3145
328
243
322
6451
6705
6877
340
2238
2432
2446
2632
2353
2513
2116
4626
2542
326
659
2603
2988
4178
4479
4699
4715
4716
4719
4773
6234
6250
6271
6298
6466
6484
6537
6573
6593
6617
6636
6663
6670
6777
6791
6804
6825
6845
6856
6970
3404
3229
2651
3475
3653
3654
338
3222
2370
33
35
310
381
397
2527
2604
2987
3174
3175
3233
3297
3303
3549
3556
6691
6784
6892
2989
2530
256
2316
2372
2379
2524
2564
2978
3515
3719
3985
353
3430
3555
3532
296
2102
2125
2133
2324
2363
2367
3984
3987
2268
3916
3616
3964
3978
2226
2346
2476
7585
7794
3545
4544
4910
314
3117
2354
2470
3443
3558
4532
365
3820
3950
3873
3875
356
3644
3356
2248
3421
2596
480
4496
3803
2593
2555
3830
2553
741
744
747
748
759
763
766
767
768
771
775
776
783
784
785
789
791
792
793
798
7102
7103
7105
7111
7112
7118
7123
7126
7132
7133
7135
7136
7140
7146
7147
7152
7154
7701
7724
7752
7836
3716
3734
2539
3468
2951
3994
3619
3346
2442
4918
2922
2923
3634
3455
3341
2566
3939
339
3588
3691
6511
2497
289
344
3699
241
368
2357
4902
3320
2561
2369
3756
3143
6999
2252
333
614
620
3180
3996
6230
6347
6506
4120
270
2430
3338
4865
2210
3782
4861
299
2306
3673
2979
2586
2349
3343
3351
3210
258
3710
6255
6353
6582
6698
3945
2558
262
2453
2510
2594
2925
2948
3179
3366
3949
2498
293
4816
4981
2582
2995
3761
3587
3620
2986
3226
3797
3362
6256
6441
6583
6699
2525
3152
7407
7514
7996
2992
359
2130
2302
2573
2946
3931
242
2554
3193
3313
3704
249
2107
2106
2304
2333
2341
274
380
2927
3551
495
4102
4148
4163
4177
4225
4433
4875
4884
4905
2994
63
618
690
6105
6162
6204
6312
6334
6434
3723
3833
3736
3769
3327
2126
4740
257
3519
4972
2282
357
3310
3700
4724
34
2112
2487
3194
3749
3817
4415
3959
2216
3434
2944
2954
3995
3960
3982
3638
3598
3729
3462
3326
7910
7930
3647
282
3331
4529
3930
3470
2285
4190
6648
6651
6779
6942
6960
6971
3794
3795
2245
3316
4880
355
3300
3301
3335
3376
3904
3477
2381
3196
3282
3645
3328
3983
2516
2600
3650
2479
2964
3810
2557
6891
3177
280
3106
3204
3544
3979
6446
6587
6873
3639
4862
3625
3595
360
376
2209
2469
3100
3185
3232
3279
3628
3890
3423
273
2120
2222
2317
2375
2492
2602
3191
3510
3511
3534
3608
3627
4311
4410
4814
3392
3881
3779
364
3776
3993
3427
3631
3937
3696
3801
3637
3909
6232
6270
6277
6288
6297
6343
6401
6465
6483
6536
6560
6592
6603
6662
6708
6754
6790
6803
6816
6824
6843
6855
6940
6969
2199
2462
2562
3459
3509
3517
2328
2141
3746
6886
2976
2982
3971
382
3162
2580
3263
2364
3417
4963
4994
3420
3943
3783
3603
2591
2435
2438
2519
3863
6454
6880
254
2185
2526
2548
3146
3147
336
3819
2427
3641
3293
2211
3717
267
3657
3120
3123
3126
3220
3255
3272
2963
2969
3261
3289
3593
3522
6668
6835
3753
3202
3629
2932
2300
2320
2938
2934
77
78
717
726
727
3800
3365
3799
2343
3805
367
4960
4965
4995
2321
375
3540
2136
3314
3956
3209
2494
4335
2305
3774
3360
3651
342
3159
3160
3215
3379
3380
3827
2234
2506
2122
2581
3253
3271
3972
3330
295
297
3296
3298
3302
2521
2584
2509
4745
3385
3594
318
255
621
6240
6358
6513
6565
6693
6796
2512
3438
3938
2997
3688
2230
3424
36
240
317
2103
3163
3164
3165
3407
3513
2288
3775
2101
3624
3525
2360
3361
3192
3733
3348
2991
2315
2585
3822
2520
720
7239
7258
7332
7345
7395
7445
7455
7457
7533
7549
7556
7640
7811
7993
3955
3694
3707
3505
266
3809
2534
327
2541
3225
3789
3999
3538
4420
2232
3528
3552
2278
2434
2204
3266
3579
3465
3981
2474
3388
2973
3853
2523
3948
3842
288
329
3101
3187
3247
6894
6452
6878
321
316
3227
323
3141
278
3899
2482
3536
3591
3720
2200
4501
3655
2962
4551
7216
7298
7368
7551
7569
7572
3952
2273
2269
2450
2583
285
371
4466
76
724
729
743
796
7127
7859
7887
3709
2571
3590
313
3224
2373
3954
277
286
2115
3248
3843
2340
2342
3195
281
324
2128
2338
2355
2533
2949
3344
3581
3659
6238
6248
6362
6363
6528
6542
6571
6685
6686
6763
6811
6828
6847
617
626
635
637
641
653
3942
6109
6165
6205
6215
6219
6225
6265
6360
6376
6416
6569
6595
6630
6684
6781
6813
6834
3675
2250
2454
2569
2613
2614
2615
2616
2617
2618
2620
2622
2625
2626
2627
2629
2630
2631
2633
2634
2637
2638
2640
2643
2644
2646
2648
2649
2653
2655
2656
2657
2658
2659
2660
2661
2662
2665
2666
2667
2668
2669
2670
2671
2672
2674
2678
2679
2680
2681
2682
2928
3813
2926
2339
2460
3725
7119
2568
283
370
3115
3118
3121
3234
3235
3236
3237
3238
3239
3240
3241
3242
3243
3244
3364
3823
2186
3460
3936
3214
354
3153
3481
3484
3432
3323
32
66
68
69
610
611
612
629
6164
6224
6264
6282
6306
6316
6335
6408
6414
6504
625
6163
6228
6263
6305
6315
6407
6413
6437
6628
6658
3213
3305
3946
3885
644
647
649
660
6235
6300
6344
6355
6392
6485
6498
6521
6538
6574
6610
6618
6709
6792
6809
6896
6981
2205
2552
3605
38
6361
6529
6794
6818
2325
2499
6246
6366
6545
6577
6689
6860
39
2228
3200
4204
2565
3136
3144
3431
3816
275
2495
363
3102
3109
3461
3347
3850
2974
350
2947
6252
6367
6546
6865
6992
3446
3997
292
315
372
3119
3125
3228
3618
3928
3354
3864
3747
3836
2473
3635
3990
2544
3711
79
734
737
756
772
7108
7134
7141
7149
7838
7950
3980
3349
3811
3812
3828
3977
4959
4961
4996
2382
3142
337
4916
3116
3837
3129
3259
3113
3969
731
735
736
7121
7312
7921
7943
7957
3615
2195
3947
2309
2334
2271
2443
3322
3991
3268
3275
3277
3399
2610
2576
6541
6827
252
3345
3426
3690
2218
2464
3183
3186
260
2137
2351
2366
3770
244
2298
2301
2311
2490
3929
2292
3158
3199
3626
3562
3418
3613
2502
760
795
7100
7129
7783
3386
2377
2556
2607
3870
2433
3201
6445
3889
3894
3523
3524
3965
2108
3597
3767
3396
284
3230
2935
3381
2950
3367
2365
6553
6888
2532
3554
3703
2930
2980
2984
2993
3932
276
3752
2508
3451
3369
3370
3814
3539
6462
2303
3138
4928
4962
6439
6443
6585
6700
6994
3652
2299
2601
319
2429
3412
6508
2985
3151
2352
3604
2327
6406
2551
2587
3806
2929
2957
64
633
691
2314
3198
3262
6106
6212
6242
6313
6364
6435
6494
6517
6543
6677
6687
6848
6858
3398
2198
3695
3156
3893
3804
2940
3124
358
3780
3845
2577
3970
2628
2135
3592
3764
3410
2496
250
3962
3406
2528
2537
3363
3315
2981
3308
263
2511
5875
5937
5630
552
1158
1356
5110
5153
5517
5617
5619
5684
5704
5942
5784
6944
1406
5846
5871
59
5908
1395
5409
5417
5420
5422
5460
5424
1193
5925
538
595
1113
1132
1369
5100
5101
5341
5645
5687
5904
5920
6258
6267
6286
6294
6322
6329
6384
6389
6399
6427
6464
6591
6616
6660
6721
6775
6802
6837
6938
6953
5461
49
514
5138
5384
5474
56
515
5156
5159
5161
5267
1370
4368
4132
535
5346
5626
5893
5992
5876
5978
4147
5141
534
537
5310
5692
57
197
599
5492
4240
5853
5915
1140
5497
5498
1295
1410
5122
5462
12
13
14
117
126
127
133
134
158
160
184
524
1103
1145
1153
1157
1165
1179
1184
1187
1209
1210
1211
1213
1214
1222
1231
1245
1247
1264
1278
1280
1301
1315
1320
1325
1331
1335
1341
1351
1358
1362
1435
1510
2104
5105
5131
5134
5136
5313
5314
5317
5329
5356
5377
5430
5750
5752
5768
5778
5814
5816
5818
5859
5902
5905
5924
5928
5961
5965
5439
1244
5795
1181
5792
5801
1250
1240
1522
5620
5972
5644
5643
5709
113
1243
5874
5512
5521
5533
4803
1186
1312
5283
5706
5715
5328
5318
5802
15
1257
5367
543
1234
5470
5943
5297
171
5382
5494
5751
5157
5935
1286
1349
5348
5505
137
140
169
1219
5901
597
1125
1403
1141
1170
191
1148
579
16
1163
5169
196
1183
581
1297
146
1168
5499
5502
5504
5508
110
5284
5794
1114
1371
5858
5243
520
512
161
193
5373
1109
119
128
5844
5856
1391
5767
1162
1199
5940
1150
5322
1171
5773
187
185
5910
1256
5123
5130
5139
5140
5144
1106
5124
5143
5107
5102
279
1303
114
131
1202
1383
1339
1212
1206
120
5653
1313
1194
177
1118
1399
5378
5401
5466
513
1149
5463
1242
1329
1332
5232
5235
5472
5477
5769
1129
1142
518
5277
5468
5483
1265
5764
5776
1518
5850
1284
1378
5312
5899
5946
5962
190
5973
121
1172
55
130
589
1105
1505
2990
5438
5445
5632
5926
6535
5989
1327
5450
5652
124
179
199
598
1111
1177
1502
5106
5338
5385
5953
5958
6656
6966
5821
5578
4262
5354
525
526
528
5278
5279
5280
5800
1104
1205
4258
111
112
141
1191
2359
5932
5360
165
1290
5275
5791
5793
5934
5883
1291
1228
1155
5408
556
1164
1128
5796
511
572
1189
1195
570
1115
1126
5111
577
1386
5878
1159
122
1262
5525
163
1338
5770
1233
1169
5290
183
5819
5812
1237
1373
1229
5944
5319
5641
5654
1225
1509
17
5353
5375
5749
1217
5241
1232
132
1138
1319
5248
5638
5646
5650
5766
5971
1139
5118
123
574
5779
5782
5931
5938
1252
115
1328
1274
1207
116
5242
156
118
189
5370
5352
170
18
30
54
346
384
386
388
394
395
516
594
3107
3168
3171
3286
3493
3541
3542
3671
3676
3677
3681
3682
3683
3759
3815
3859
3860
3861
3920
3921
3922
5119
5120
5147
5184
5191
5244
5274
5281
5331
5407
5484
5485
5636
5701
5755
5757
5783
5939
3112
149
150
151
1421
1422
1425
1434
1439
1440
1442
1444
1445
1446
1449
1451
1452
1453
1455
1456
1461
1464
1467
1468
1470
1472
1473
1474
1476
1477
1482
1483
1484
1486
1490
1491
1492
1526
1527
1547
1548
1549
1552
1553
1554
1556
1558
1559
1560
1562
1580
1581
1583
1584
1585
1586
1587
1588
1590
1593
1596
1599
1600
1602
1604
1605
1606
1608
1609
1614
1615
1616
1618
1622
1623
1628
1630
1631
1634
1635
1644
1648
1649
1650
1652
1654
1655
1658
1663
1664
1665
1666
1667
1668
1669
1670
1675
1676
1677
1678
1679
1680
1681
1682
1683
1684
1685
1686
1687
1688
1689
1690
1691
1692
1693
1694
1695
1696
1697
1698
1703
1704
1705
1706
1714
1715
1716
1717
1726
1727
1728
1729
1738
1739
1740
1741
1742
1743
1744
1745
1750
1751
1752
1753
1758
1759
1760
1761
1762
1763
1764
1765
1766
1767
1768
1769
1774
1775
1776
1777
1778
1779
1780
1781
1797
1798
1799
1800
1801
1802
1803
1804
1805
1806
1807
1808
1813
1814
1815
1816
1829
1830
1831
1832
1833
1834
1835
1836
1851
1857
1860
1861
1862
1864
1865
1873
1874
1875
1876
1877
1878
1879
1880
1913
1914
1915
1916
1917
1919
1920
1928
1929
1934
1935
1936
1937
1938
1939
1940
1941
1942
1943
1944
1945
1946
1947
1948
1954
1955
1956
1959
1965
1966
1967
1968
1969
1970
1971
1972
1973
1975
1976
1984
1985
1986
1987
1989
1994
2190
2726
2727
2731
2733
2737
2738
2753
2758
2759
2762
2770
2771
2772
2813
2814
2832
2833
2834
2836
2838
2876
2894
7600
7605
7606
7607
7608
7611
7612
7614
7615
7616
7617
7618
7619
7620
7622
7624
7625
7626
7627
7629
7630
7631
7634
7636
7637
7638
7639
7641
7642
7643
7644
7646
7647
7648
7649
7650
7651
7652
7653
7654
7655
7656
7657
7659
7660
7661
7662
7663
7664
7666
7667
7670
7671
7674
7676
7677
7679
7681
7682
7683
7684
7685
7686
7688
7691
7692
7693
7694
7695
7696
7698
7699
7700
7703
7704
7706
7707
7708
7711
7712
7716
7720
7721
7722
7723
7725
7726
7728
7729
7731
7732
7736
7737
7738
7739
7740
7742
7744
7745
7746
7749
7750
7751
7753
7754
7755
7756
7757
7758
7759
7761
7762
7763
7767
7768
7770
7771
7773
7774
7775
7777
7778
7779
7781
7782
7785
7786
7787
7788
7789
7790
7796
7797
7798
7800
7801
7802
7805
7806
7808
7809
7813
7814
7815
7817
7818
7819
7821
7822
7823
7824
7825
7827
7828
7830
7831
7833
7834
7835
7839
7840
7841
7842
7844
7845
7846
7847
7848
7849
7850
7851
7852
7853
7855
7856
7857
7858
7861
7862
7863
7864
7865
7866
7867
7869
7870
7871
7872
7873
7874
7879
7880
7881
7882
7886
7889
7890
7891
7892
7893
7895
7896
7899
7900
7903
7905
7906
7907
7908
7909
7912
7916
7917
7920
7922
7923
7924
7925
7926
7927
7928
7929
7932
7933
7934
7935
7937
7938
7940
7942
7944
7945
7946
7948
7949
7952
7953
7954
7955
7956
7958
7959
7961
7962
7963
7964
7967
7971
7972
7973
7975
7976
7977
7978
7979
7980
7981
7982
7983
7984
7985
7987
7990
7991
7992
7994
7995
7997
7999
